  167.15820312  108.4469401 
  167.15820312  108.57682292
  167.15820312  108.70670573
  167.15820312  108.83658854
  167.15820312  108.96647135
  167.15820312  109.22623698
  167.15820312  109.35611979
  167.15820312  109.4860026 
  167.15820312  109.61588542
  167.15820312  109.87565104
  167.15820312  110.00553385
  167.15820312  110.13541667
  167.15820312  110.26529948
  167.15820312  110.5250651 
  167.28808594  110.78483073
  167.41796875  110.91471354
  167.54785156  111.04459635
  167.54785156  111.17447917
  167.54785156  111.30436198
  167.54785156  111.43424479
  167.67773437  111.69401042
  167.67773437  111.82389323
  167.80761719  112.08365885
  167.80761719  112.21354167
  167.80761719  112.47330729
  167.80761719  112.6031901 
  167.80761719  112.73307292
  167.80761719  112.86295573
  167.80761719  113.12272135
  167.80761719  113.25260417
  167.80761719  113.38248698
  168.06738281  113.6422526 
  168.06738281  113.77213542
  168.06738281  113.90201823
  168.06738281  114.03190104
  168.06738281  114.16178385
  168.19726562  114.55143229
  168.19726562  114.6813151 
  168.19726562  114.81119792
  168.19726562  115.07096354
  168.19726562  115.20084635
  168.19726562  115.33072917
  168.19726562  115.46061198
  168.19726562  115.7203776 
  168.19726562  115.85026042
  168.19726562  115.98014323
  168.19726562  116.11002604
  168.19726562  116.36979167
  168.19726562  116.49967448
  168.19726562  116.62955729
  168.19726562  116.7594401 
  168.19726562  117.01920573
  168.19726562  117.14908854
  168.19726562  117.27897135
  168.19726562  117.40885417
  168.19726562  117.7985026 
  168.19726562  117.92838542
  168.19726562  118.05826823
  168.19726562  118.31803385
  168.19726562  118.44791667
  168.19726562  118.57779948
  168.19726562  118.70768229
  168.19726562  118.96744792
  168.19726562  119.09733073
  168.32714844  119.35709635
  168.32714844  119.61686198
  168.32714844  119.74674479
  168.45703125  119.8766276 
  168.58691406  120.13639323
  168.71679687  120.26627604
  168.71679687  120.39615885
  168.71679687  120.52604167
  168.84667969  120.78580729
  168.9765625   121.04557292
  168.9765625   121.17545573
  168.9765625   121.30533854
  169.10644531  121.69498698
  169.10644531  121.82486979
  169.36621094  122.08463542
  169.36621094  122.21451823
  169.36621094  122.34440104
  169.36621094  122.47428385
  169.36621094  122.60416667
  169.49609375  122.73404948
  169.49609375  122.86393229
  169.49609375  122.9938151 
  169.49609375  123.12369792
  169.49609375  123.25358073
  169.49609375  123.51334635
  169.62597656  123.64322917
  169.62597656  123.77311198
  169.62597656  123.90299479
  169.62597656  124.16276042
  169.75585937  124.29264323
  169.75585937  124.42252604
  169.75585937  124.55240885
  169.75585937  124.81217448
  169.75585937  124.94205729
  169.75585937  125.0719401 
  169.75585937  125.20182292
  170.015625    125.46158854
  170.015625    125.59147135
  170.015625    125.72135417
  170.015625    125.85123698
  170.015625    126.1110026 
  170.015625    126.24088542
  170.015625    126.37076823
  170.015625    126.50065104
  170.015625    126.76041667
  170.015625    126.89029948
  170.015625    127.02018229
  170.015625    127.1500651 
  170.015625    127.40983073
  169.88574219  127.53971354
  169.88574219  127.66959635
  169.75585937  127.79947917
  169.75585937  128.05924479
  169.62597656  128.1891276 
  169.36621094  128.44889323
  169.23632812  128.70865885
  169.23632812  128.83854167
  169.10644531  128.96842448
  168.9765625   129.09830729
  168.9765625   129.35807292
  168.71679687  129.61783854
  168.58691406  129.74772135
  168.45703125  129.87760417
  168.45703125  130.00748698
  168.32714844  130.13736979
  168.32714844  130.2672526 
  168.19726562  130.39713542
  168.06738281  130.52701823
  168.06738281  130.65690104
  167.9375      130.78678385
  167.9375      130.91666667
  167.80761719  131.04654948
  167.80761719  131.3063151 
  167.80761719  131.43619792
  167.67773437  131.56608073
  167.67773437  131.69596354
  167.41796875  131.95572917
  167.41796875  132.08561198
  167.28808594  132.3453776 
  167.28808594  132.60514323
  167.28808594  132.86490885
  167.15820312  132.99479167
  167.15820312  133.25455729
  167.15820312  133.3844401 
  167.15820312  133.51432292
  167.15820312  133.64420573
  167.02832031  133.90397135
  167.02832031  134.03385417
  167.02832031  134.16373698
  166.63867187  134.4235026 
  166.50878906  134.55338542
  166.50878906  134.68326823
  166.50878906  134.81315104
  166.50878906  134.94303385
  166.50878906  135.07291667
  166.50878906  135.20279948
  166.37890625  135.33268229
  166.37890625  135.4625651 
  166.37890625  135.59244792
  166.37890625  135.85221354
  166.24902344  135.98209635
  166.11914062  136.11197917
  165.98925781  136.24186198
  165.98925781  136.5016276 
  165.98925781  136.76139323
  165.98925781  136.89127604
  165.859375    137.15104167
  165.859375    137.28092448
  165.859375    137.41080729
  165.859375    137.5406901 
  165.859375    137.80045573
  165.859375    137.93033854
  165.859375    138.06022135
  165.859375    138.19010417
  165.859375    138.44986979
  165.859375    138.5797526 
  165.859375    138.70963542
  165.72949219  138.83951823
  165.72949219  139.09928385
  165.46972656  139.35904948
  165.33984375  139.48893229
  165.46972656  139.6188151
